8 3
0 1 32 862 203 273 672 319
1 0 162 373 426 83 475 71
32 162 0 841 60 294 918 368
862 373 841 0 775 328 698 845
203 426 60 775 0 718 307 163
273 83 294 328 718 0 330 467
672 475 918 698 307 330 0 247
319 71 368 845 163 467 247 0
